        Frequency / GHz                S2,1/abs,dB
----------------------------------------------------------------------
                     0.1                      -116.82858
                  0.1001                      -116.91481
                  0.1002                      -116.89812
                  0.1003                       -116.7628
                  0.1004                      -116.51893
                  0.1005                      -116.20319
                  0.1006                      -115.87761
                  0.1007                       -115.6187
                  0.1008                      -115.49118
                  0.1009                       -115.5156
                   0.101                      -115.65593
                  0.1011                      -115.83943
                  0.1012                      -115.98951
                  0.1013                      -116.04808
                  0.1014                       -115.9833
                  0.1015                      -115.79046
                  0.1016                      -115.49252
                  0.1017                      -115.14139
                  0.1018                      -114.81438
                  0.1019                      -114.59569
                   0.102                      -114.54049
                  0.1021                      -114.64316
                  0.1022                      -114.84023
                  0.1023                      -115.04471
                  0.1024                      -115.18022
                  0.1025                      -115.19676
                  0.1026                      -115.07337
                  0.1027                      -114.81768
                  0.1028                      -114.46738
                  0.1029                      -114.09167
                   0.103                      -113.78288
                  0.1031                      -113.62682
                  0.1032                      -113.65837
                  0.1033                      -113.83893
                  0.1034                      -114.08008
                  0.1035                       -114.2879
                  0.1036                      -114.39189
                  0.1037                       -114.3529
                  0.1038                      -114.16211
                  0.1039                      -113.84097
                   0.104                      -113.44428
                  0.1041                      -113.06037
                  0.1042                      -112.79414
                  0.1043                      -112.72304
                  0.1044                      -112.84987
                  0.1045                      -113.10032
                  0.1046                      -113.36792
                  0.1047                       -113.5598
                  0.1048                      -113.61581
                  0.1049                      -113.50926
                   0.105                      -113.24456
                  0.1051                      -112.85896
                  0.1052                      -112.42718
                  0.1053                      -112.05775
                  0.1054                      -111.86185
                  0.1055                      -111.89462
                  0.1056                      -112.11683
                  0.1057                      -112.42172
                  0.1058                      -112.69468
                  0.1059                      -112.85105
                   0.106                       -112.8438
                  0.1061                      -112.65961
                  0.1062                      -112.31735
                  0.1063                      -111.87277
                  0.1064                      -111.42376
                  0.1065                      -111.09769
                  0.1066                      -111.00043
                  0.1067                      -111.14856
                  0.1068                      -111.45645
                  0.1069                      -111.79428
                   0.107                      -112.04991
                  0.1071                      -112.15205
                  0.1072                      -112.06803
                  0.1073                      -111.79846
                  0.1074                      -111.37858
                  0.1075                      -110.88637
                  0.1076                      -110.44557
                  0.1077                      -110.19669
                  0.1078                      -110.22257
                  0.1079                      -110.48681
                   0.108                      -110.86133
                  0.1081                      -111.20685
                  0.1082                      -111.42267
                  0.1083                      -111.45352
                  0.1084                      -111.28137
                  0.1085                      -110.92157
                  0.1086                      -110.42871
                  0.1087                      -109.90759
                  0.1088                      -109.50853
                  0.1089                      -109.37235
                   0.109                      -109.53692
                  0.1091                      -109.90552
                  0.1092                      -110.32054
                  0.1093                      -110.64726
                  0.1094                      -110.80227
                  0.1095                      -110.74695
                  0.1096                      -110.47777
                  0.1097                       -110.0265
                  0.1098                      -109.47148
                  0.1099                       -108.9493
                    0.11                      -108.63263
                  0.1101                      -108.64096
                  0.1102                       -108.9461
                  0.1103                      -109.39577
                  0.1104                      -109.82118
                  0.1105                      -110.10349
                  0.1106                      -110.17897
                  0.1107                      -110.02501
                  0.1108                      -109.65281
                  0.1109                      -109.11354
                   0.111                      -108.51544
                  0.1111                      -108.03031
                  0.1112                      -107.84021
                  0.1113                      -108.01401
                  0.1114                      -108.44565
                  0.1115                      -108.94455
                  0.1116                      -109.34951
                  0.1117                      -109.56408
                  0.1118                      -109.54392
                  0.1119                       -109.2814
                   0.112                      -108.80363
                  0.1121                      -108.18617
                  0.1122                      -107.57446
                  0.1123                      -107.17422
                  0.1124                      -107.15145
                  0.1125                      -107.49434
                  0.1126                      -108.02382
                  0.1127                      -108.53604
                  0.1128                      -108.89154
                  0.1129                      -109.01808
                   0.113                      -108.88888
                  0.1131                      -108.51068
                  0.1132                      -107.92933
                  0.1133                      -107.25217
                  0.1134                      -106.66886
                  0.1135                      -106.40745
                  0.1136                      -106.58016
                  0.1137                      -107.07548
                  0.1138                      -107.66419
                  0.1139                      -108.15403
                   0.114                      -108.43448
                  0.1141                      -108.45592
                  0.1142                      -108.20696
                  0.1143                      -107.70924
                  0.1144                      -107.03258
                  0.1145                      -106.32589
                  0.1146                      -105.82606
                  0.1147                      -105.75545
                  0.1148                      -106.13032
                  0.1149                      -106.74316
                   0.115                      -107.34849
                  0.1151                      -107.78341
                  0.1152                      -107.96717
                  0.1153                      -107.86947
                  0.1154                      -107.49269
                  0.1155                      -106.87587
                  0.1156                      -106.12108
                  0.1157                      -105.42984
                  0.1158                      -105.07831
                  0.1159                       -105.2363
                   0.116                      -105.79399
                  0.1161                      -106.47757
                  0.1162                      -107.05833
                  0.1163                      -107.41049
                  0.1164                      -107.47978
                  0.1165                      -107.25163
                  0.1166                      -106.74203
                  0.1167                      -106.01247
                  0.1168                      -105.20926
                  0.1169                      -104.59517
                   0.117                      -104.45721
                  0.1171                      -104.85505
                  0.1172                      -105.55319
                  0.1173                      -106.25704
                  0.1174                      -106.77688
                  0.1175                       -107.0235
                  0.1176                       -106.9639
                  0.1177                      -106.59661
                  0.1178                      -105.95299
                  0.1179                      -105.12581
                   0.118                      -104.32069
                  0.1181                      -103.85979
                  0.1182                      -103.98559
                  0.1183                       -104.6015
                  0.1184                      -105.38362
                  0.1185                      -106.06035
                  0.1186                      -106.48932
                  0.1187                      -106.61219
                  0.1188                      -106.41214
                  0.1189                      -105.89966
                   0.119                      -105.12624
                  0.1191                      -104.22942
                  0.1192                      -103.48931
                  0.1193                      -103.26205
                  0.1194                      -103.66984
                  0.1195                      -104.45294
                  0.1196                      -105.25946
                  0.1197                      -105.86885
                  0.1198                       -106.1833
                  0.1199                      -106.16797
                    0.12                      -105.81837
                  0.1201                      -105.15805
                  0.1202                      -104.26735
                  0.1203                      -103.34729
                  0.1204                      -102.75906
                  0.1205                      -102.83143
                  0.1206                      -103.49798
                  0.1207                      -104.38056
                  0.1208                      -105.15731
                  0.1209                       -105.6674
                   0.121                        -105.849
                  0.1211                      -105.68399
                  0.1212                      -105.17813
                  0.1213                       -104.3721
                  0.1214                      -103.38949
                  0.1215                      -102.51647
                  0.1216                      -102.17724
                  0.1217                      -102.57771
                  0.1218                      -103.44266
                  0.1219                      -104.35452
                   0.122                      -105.05706
                  0.1221                      -105.44348
                  0.1222                      -105.47805
                  0.1223                       -105.1542
                  0.1224                      -104.48819
                  0.1225                      -103.54613
                  0.1226                      -102.51603
                  0.1227                       -101.7862
                  0.1228                      -101.78075
                  0.1229                      -102.48601
                   0.123                      -103.46852
                  0.1231                      -104.34784
                  0.1232                      -104.94227
                  0.1233                      -105.18692
                  0.1234                      -105.06336
                  0.1235                      -104.57358
                  0.1236                      -103.74763
                  0.1237                      -102.69139
                  0.1238                      -101.68502
                  0.1239                      -101.21214
                   0.124                      -101.58322
                  0.1241                      -102.52311
                  0.1242                      -103.54101
                  0.1243                      -104.33898
                  0.1244                       -104.8006
                  0.1245                      -104.88992
                  0.1246                      -104.59934
                  0.1247                      -103.93887
                  0.1248                      -102.95991
                  0.1249                      -101.83067
                   0.125                      -100.95086
                  0.1251                       -100.8414
                  0.1252                      -101.56851
              0.12530001                       -102.6474
              0.12540001                      -103.63019
              0.12549999                      -104.31114
                  0.1256                      -104.62233
                  0.1257                      -104.54587
                  0.1258                      -104.08118
                  0.1259                      -103.24869
                   0.126                      -102.13479
                  0.1261                      -101.00204
              0.12620001                      -100.37772
              0.12630001                      -100.69307
              0.12639999                      -101.69637
                  0.1265                      -102.81831
                  0.1266                      -103.71259
                  0.1267                      -104.25163
                  0.1268                      -104.39969
                  0.1269                      -104.14916
                   0.127                      -103.50511
              0.12710001                      -102.50499
              0.12720001                      -101.29281
              0.12729999                      -100.26249
                  0.1274                      -100.02304
                  0.1275                      -100.74949
                  0.1276                      -101.91733
                  0.1277                      -103.00251
                  0.1278                       -103.7709
                  0.1279                      -104.15116
              0.12800001                       -104.1266
              0.12809999                      -103.69519
              0.12819999                      -102.86928
                  0.1283                      -101.71588
                  0.1284                      -100.47102
                  0.1285                      -99.684179
                  0.1286                      -99.914337
                  0.1287                      -100.96421
                  0.1288                      -102.18542
              0.12890001                      -103.17535
              0.12899999                      -103.79298
              0.12909999                      -104.00286
                  0.1292                      -103.79819
                  0.1293                       -103.1806
                  0.1294                      -102.17522
                  0.1295                      -100.90028
                  0.1296                      -99.728206
              0.12970001                      -99.336699
              0.12980001                      -100.03484
              0.12989999                      -101.27978
                    0.13                      -102.46385
                  0.1301                      -103.31929
                  0.1302                      -103.77018
                  0.1303                      -103.80133
                  0.1304                      -103.41039
                  0.1305                      -102.60347
              0.13060001                      -101.42977
              0.13070001                      -100.09345
              0.13079999                      -99.142694
                  0.1309                      -99.257789
                   0.131                      -100.33149
                  0.1311                      -101.64338
                  0.1312                      -102.72625
                  0.1313                      -103.42245
                  0.1314                      -103.69627
              0.13150001                      -103.54228
              0.13160001                      -102.96007
              0.13169999                      -101.96481
                  0.1318                      -100.64976
                  0.1319                      -99.353665
                   0.132                       -98.79534
                  0.1321                      -99.433356
                  0.1322                      -100.73792
                  0.1323                      -102.01444
              0.13240001                       -102.9549
              0.13249999                      -103.47693
              0.13259999                      -103.56666
                  0.1327                      -103.22225
                  0.1328                      -102.44551
                  0.1329                      -101.27052
                   0.133                      -99.868024
                  0.1331                      -98.762906
                  0.1332                      -98.735695
              0.13330001                      -99.804451
              0.13339999                      -101.19385
              0.13349999                      -102.36471
                  0.1336                      -103.13815
                  0.1337                      -103.47703
                  0.1338                       -103.3775
                  0.1339                      -102.83833
                   0.134                      -101.86722
              0.13410001                      -100.53525
              0.13420001                      -99.140428
              0.13429999                      -98.410788
                  0.1344                      -98.954605
                  0.1345                      -100.29532
                  0.1346                      -101.65439
                  0.1347                      -102.67619
                  0.1348                      -103.26875
                  0.1349                      -103.41892
              0.13500001                      -103.12594
              0.13510001                      -102.38908
              0.13519999                      -101.23045
                  0.1353                      -99.789204
                  0.1354                      -98.549757
                  0.1355                      -98.359869
                  0.1356                      -99.389729
                  0.1357                      -100.83859
                  0.1358                         -102.09
              0.13590001                      -102.93803
              0.13600001                      -103.34212
              0.13609999                       -103.2998
                  0.1362                      -102.80997
                  0.1363                      -101.87541
                  0.1364                      -100.54871
                  0.1365                      -99.085473
                  0.1366                       -98.19242
                  0.1367                       -98.60955
              0.13680001                      -99.957102
              0.13689999                      -101.38493
              0.13699999                      -102.48235
                  0.1371                      -103.14365
                  0.1372                       -103.3552
                  0.1373                      -103.11746
                  0.1374                      -102.42855
                  0.1375                      -101.30207
                  0.1376                      -99.849496
              0.13770001                      -98.504545
              0.13779999                      -98.142254
              0.13789999                      -99.096441
                   0.138                      -100.58116
                  0.1381                      -101.90258
                  0.1382                      -102.82089
                  0.1383                      -103.28929
                  0.1384                      -103.30592
              0.13850001                      -102.87047
              0.13860001                      -101.98278
              0.13869999                      -100.68156
                  0.1388                      -99.182025
                  0.1389                      -98.145712
                   0.139                       -98.40972
                  0.1391                       -99.72968
                  0.1392                      -101.20806
                  0.1393                       -102.3731
              0.13940001                       -103.1001
              0.13950001                      -103.37293
              0.13959999                      -103.19309
                  0.1397                      -102.55869
                  0.1398                      -101.47781
                  0.1399                      -100.03947
                    0.14                      -98.623522
                  0.1401                      -98.092341
                  0.1402                      -98.934547
              0.14030001                       -100.4264
              0.14040001                      -101.80389
              0.14049999                      -102.78639
                  0.1406                      -103.31702
                  0.1407                      -103.39335
                  0.1408                      -103.01604
                  0.1409                      -102.18383
                   0.141                      -100.92555
                  0.1411                      -99.421359
              0.14120001                      -98.271802
              0.14129999                      -98.366417
              0.14139999                      -99.621161
                  0.1415                      -101.12733
                  0.1416                       -102.3493
                  0.1417                      -103.13742
                  0.1418                      -103.47039
                  0.1419                      -103.35005
                   0.142                      -102.77529
              0.14210001                      -101.75121
              0.14219999                      -100.34975
              0.14229999                      -98.898886
                  0.1424                      -98.215546
                  0.1425                      -98.914522
                  0.1426                      -100.38018
                  0.1427                      -101.79607
                  0.1428                      -102.83463
                  0.1429                      -103.42422
              0.14300001                      -103.55996
              0.14309999                      -103.24337
                  0.1432                      -102.47341
                  0.1433                      -101.27271
                  0.1434                      -99.792527
                  0.1435                      -98.566008
                  0.1436                      -98.488203
                  0.1437                      -99.640503
              0.14380001                      -101.14723
              0.14390001                      -102.41253
              0.14399999                      -103.25557
                  0.1441                       -103.6464
                  0.1442                      -103.58616
                  0.1443                      -103.07472
                  0.1444                       -102.1163
                  0.1445                      -100.77084
                  0.1446                       -99.32003
              0.14470001                      -98.512353
              0.14480001                      -99.046298
              0.14489999                      -100.44997
                   0.145                      -101.88281
                  0.1451                      -102.96698
                  0.1452                      -103.61074
                  0.1453                      -103.80456
                  0.1454                      -103.55017
                  0.1455                      -102.84753
              0.14560001                      -101.71612
              0.14569999                      -100.28485
              0.14579999                      -99.019574
                  0.1459                      -98.780214
                   0.146                      -99.797192
                  0.1461                      -101.27379
                  0.1462                       -102.5658
                  0.1463                      -103.45556
                  0.1464                       -103.9008
              0.14650001                      -103.90019
              0.14659999                      -103.45463
              0.14669999                      -102.56875
                  0.1468                      -101.29484
                  0.1469                      -99.875287
                   0.147                      -98.978372
                  0.1471                      -99.338185
                  0.1472                      -100.64445
                  0.1473                       -102.0693
              0.14740001                      -103.18599
              0.14749999                      -103.87763
                  0.1476                      -104.12712
                  0.1477                      -103.93541
                  0.1478                      -103.30379
                  0.1479                      -102.25076
                   0.148                      -100.88884
                  0.1481                      -99.621545
              0.14820001                      -99.243284
              0.14830001                      -100.10042
              0.14839999                      -101.51436
                  0.1485                      -102.81314
                  0.1486                      -103.73945
                  0.1487                      -104.23426
                  0.1488                      -104.29183
                  0.1489                      -103.91345
                   0.149                      -103.10528
              0.14910001                      -101.91495
              0.14920001                      -100.55276
              0.14929999                      -99.604065
                  0.1494                      -99.794034
                  0.1495                      -100.97141
                  0.1496                      -102.36095
                  0.1497                      -103.49451
                  0.1498                      -104.22606
                  0.1499                      -104.52759
              0.15000001                      -104.39792
              0.15009999                      -103.83968
              0.15019999                      -102.87194
                  0.1503                      -101.59503
                  0.1504                       -100.3577
                  0.1505                      -99.871209
                  0.1506                      -100.55575
                  0.1507                      -101.87554
                  0.1508                      -103.15891
              0.15090001                      -104.10942
              0.15099999                      -104.64755
              0.15109999                       -104.7607
                  0.1512                       -104.4498
                  0.1513                      -103.72266
                  0.1514                      -102.62476
                  0.1515                      -101.34068
                  0.1516                      -100.37605
                  0.1517                      -100.41296
              0.15180001                      -101.43797
              0.15189999                      -102.76396
                   0.152                      -103.89646
                  0.1521                      -104.65818
                  0.1522                      -105.00689
                  0.1523                      -104.93764
                  0.1524                      -104.45388
                  0.1525                      -103.57594
              0.15260001                      -102.39575
              0.15270001                       -101.2147
              0.15279999                      -100.65442
                  0.1529                      -101.16665
                   0.153                      -102.36488
                  0.1531                      -103.60891
                  0.1532                      -104.56925
                  0.1533                      -105.14284
                  0.1534                      -105.30791
              0.15350001                      -105.06367
              0.15360001                      -104.41954
              0.15369999                      -103.42023
                  0.1538                      -102.22951
                  0.1539                      -101.28051
                   0.154                      -101.18992
                  0.1541                      -102.04948
                  0.1542                      -103.28528
                  0.1543                      -104.39716
              0.15440001                      -105.17737
              0.15449999                      -105.56705
              0.15459999                      -105.55549
                  0.1547                      -105.14611
                  0.1548                      -104.36092
                  0.1549                      -103.28531
                   0.155                      -102.18078
                  0.1551                      -101.58045
                  0.1552                      -101.93233
              0.15530001                      -102.98856
              0.15539999                      -104.16959
              0.15549999                      -105.12363
                  0.1556                      -105.72337
                  0.1557                      -105.93542
                  0.1558                      -105.75595
                  0.1559                      -105.19544
                   0.156                      -104.29838
                  0.1561                      -103.21156
              0.15620001                      -102.30408
              0.15629999                      -102.11627
                  0.1564                      -102.80892
                  0.1565                      -103.93176
                  0.1566                      -105.00257
                  0.1567                      -105.78813
                  0.1568                      -106.21124
                  0.1569                      -106.25353
              0.15700001                      -105.91738
              0.15710001                      -105.22596
              0.15719999                      -104.25987
                  0.1573                      -103.24608
                  0.1574                      -102.63594
                  0.1575                      -102.84831
                  0.1576                      -103.75134
                  0.1577                      -104.84731
                  0.1578                      -105.77806
              0.15790001                      -106.39317
              0.15800001                      -106.64609
              0.15809999                       -106.5284
                  0.1582                      -106.05083
                  0.1583                      -105.25754
                  0.1584                      -104.28107
                  0.1585                       -103.4345
                  0.1586                      -103.18024
                  0.1587                      -103.71512
              0.15880001                      -104.70863
              0.15889999                      -105.71875
              0.15899999                      -106.49546
                  0.1591                      -106.94316
                  0.1592                      -107.03438
                  0.1593                      -106.76915
                  0.1594                      -106.17106
                  0.1595                      -105.31629
                  0.1596                      -104.40257
              0.15970001                      -103.80769
              0.15979999                      -103.90668
              0.15989999                      -104.65511
                    0.16                      -105.64833
                  0.1601                      -106.53861
                  0.1602                      -107.15724
                  0.1603                      -107.44384
                  0.1604                      -107.38392
                  0.1605                      -106.98733
              0.16060001                      -106.29743
              0.16069999                      -105.43413
                  0.1608                      -104.66215
                  0.1609                      -104.36995
                   0.161                      -104.76423
                  0.1611                      -105.62019
                  0.1612                      -106.55221
                  0.1613                      -107.30548
              0.16140001                      -107.76801
              0.16150001                      -107.90214
              0.16159999                      -107.70439
                  0.1617                      -107.19784
                  0.1618                      -106.45411
                  0.1619                      -105.64509
                   0.162                      -105.08483
                  0.1621                      -105.09797
                  0.1622                      -105.69974
              0.16230001                      -106.57801
              0.16240001                      -107.41199
              0.16249999                      -108.02188
                  0.1626                       -108.3339
                  0.1627                      -108.32668
                  0.1628                      -108.00797
                  0.1629                      -107.41949
                   0.163                      -106.66912
                  0.1631                      -105.98045
              0.16320001                      -105.67467
              0.16329999                      -105.95083
              0.16339999                      -106.66917
                  0.1635                      -107.50976
                  0.1636                       -108.2256
                  0.1637                      -108.69245
                  0.1638                      -108.86257
                  0.1639                      -108.72781
                   0.164                       -108.3097
              0.16410001                      -107.67452
              0.16419999                      -106.97164
              0.16429999                      -106.46003
                  0.1644                      -106.41375
                  0.1645                      -106.88356
                  0.1646                      -107.64171
                  0.1647                      -108.40618
                  0.1648                       -108.9951
                  0.1649                      -109.32367
              0.16500001                       -109.3631
              0.16509999                      -109.11804
                  0.1652                      -108.62741
                  0.1653                      -107.98768
                  0.1654                      -107.38661
                  0.1655                      -107.08699
                  0.1656                      -107.26935
                  0.1657                      -107.85737
              0.16580001                      -108.59838
              0.16590001                      -109.26447
              0.16599999                      -109.72508
                  0.1661                       -109.9235
                  0.1662                       -109.8463
                  0.1663                      -109.51216
                  0.1664                      -108.98162
                  0.1665                      -108.38332
                  0.1666                      -107.92964
              0.16670001                       -107.8473
              0.16680001                      -108.20448
              0.16689999                      -108.84387
                   0.167                      -109.52945
                  0.1671                      -110.08628
                  0.1672                      -110.42223
                  0.1673                      -110.50157
                  0.1674                       -110.3249
                  0.1675                      -109.92734
              0.16760001                      -109.39395
              0.16769999                      -108.88157
              0.16779999                      -108.60299
                  0.1679                       -108.7154
                   0.168                      -109.18622
                  0.1681                      -109.82511
                  0.1682                      -110.43193
                  0.1683                      -110.87639
                  0.1684                      -111.09508
              0.16850001                       -111.0692
              0.16859999                      -110.81365
              0.16869999                      -110.38232
                  0.1688                        -109.885
                  0.1689                      -109.49469
                   0.169                      -109.39589
                  0.1691                      -109.66165
                  0.1692                      -110.18979
                  0.1693                      -110.79166
              0.16940001                      -111.30719
              0.16949999                      -111.64166
                  0.1696                      -111.75367
                  0.1697                       -111.6393
                  0.1698                       -111.3289
                  0.1699                      -110.89624
                    0.17                      -110.47112
                  0.1701                      -110.22432
              0.17020001                      -110.28848
              0.17030001                      -110.65901
              0.17039999                      -111.19879
                  0.1705                       -111.7402
                  0.1706                      -112.15994
                  0.1707                      -112.39096
                  0.1708                      -112.40961
                  0.1709                      -112.22639
                   0.171                       -111.8878
              0.17110001                      -111.48638
              0.17120001                      -111.16179
              0.17129999                      -111.06213
                  0.1714                      -111.25759
                  0.1715                      -111.68647
                  0.1716                      -112.20448
                  0.1717                      -112.67221
                  0.1718                      -112.99735
                  0.1719                      -113.13469
              0.17200001                      -113.07596
              0.17209999                      -112.84594
              0.17219999                       -112.5073
                  0.1723                      -112.16623
                  0.1724                       -111.9584
                  0.1725                      -111.99308
                  0.1726                      -112.28174
                  0.1727                      -112.73012
                  0.1728                      -113.20407
              0.17290001                      -113.59259
              0.17299999                      -113.82862
              0.17309999                      -113.88483
                  0.1732                      -113.76702
                  0.1733                      -113.51403
                  0.1734                      -113.20233
                  0.1735                      -112.94352
                  0.1736                      -112.85498
                  0.1737                      -112.99978
              0.17380001                      -113.34428
              0.17389999                      -113.78282
              0.17399999                       -114.1995
                  0.1741                      -114.50895
                  0.1742                      -114.66472
                  0.1743                      -114.65469
                  0.1744                      -114.49783
                  0.1745                      -114.24586
              0.17460001                      -113.98432
              0.17470001                      -113.81995
              0.17479999                      -113.84077
                  0.1749                      -114.06612
                   0.175                      -114.43439
                  0.1751                      -114.84274
                  0.1752                      -115.19613
                  0.1753                      -115.43103
                  0.1754                      -115.51804
              0.17550001                      -115.45852
              0.17560001                      -115.28348
              0.17569999                      -115.05476
                  0.1758                      -114.86031
                  0.1759                      -114.79181
                   0.176                       -114.9034
                  0.1761                      -115.17983
                  0.1762                      -115.54691
                  0.1763                      -115.91271
              0.17640001                      -116.20224
              0.17649999                       -116.3704
              0.17659999                      -116.40227
                  0.1767                      -116.31114
                  0.1768                      -116.13825
                  0.1769                      -115.95118
                   0.177                      -115.83265
                  0.1771                      -115.85223
                  0.1772                      -116.03189
              0.17730001                      -116.33355
              0.17739999                      -116.68182
              0.17749999                      -116.99911
                  0.1776                      -117.22842
                  0.1777                      -117.34021
                  0.1778                      -117.33201
                  0.1779                      -117.22732
                   0.178                      -117.07468
                  0.1781                      -116.94214
              0.17820001                      -116.90024
              0.17829999                      -116.99368
              0.17839999                      -117.21852
                  0.1785                        -117.525
                  0.1786                      -117.84348
                  0.1787                      -118.11134
                  0.1788                      -118.28729
                  0.1789                      -118.35494
              0.17900001                      -118.32237
              0.17910001                      -118.22112
              0.17919999                      -118.10328
                  0.1793                      -118.03169
                  0.1794                      -118.06026
                  0.1795                      -118.21031
                  0.1796                      -118.46012
                  0.1797                      -118.75677
                  0.1798                      -119.04009
              0.17990001                      -119.26158
              0.18000001                      -119.39343
              0.18009999                      -119.43028
                  0.1802                      -119.38881
                  0.1803                      -119.30574
                  0.1804                      -119.23245
                  0.1805                      -119.22206
                  0.1806                      -119.31033
                  0.1807                      -119.49961
              0.18080001                      -119.75827
              0.18089999                      -120.03604
              0.18099999                      -120.28336
                  0.1811                      -120.46453
                  0.1812                      -120.56312
                  0.1813                      -120.58286
                  0.1814                      -120.54663
                  0.1815                      -120.49316
                  0.1816                      -120.46912
              0.18170001                      -120.51519
              0.18179999                       -120.6503
              0.18189999                      -120.86349
                   0.182                      -121.11954
                  0.1821                      -121.37408
                  0.1822                      -121.58819
                  0.1823                       -121.7373
                  0.1824                      -121.81439
                  0.1825                      -121.83016
              0.18260001                      -121.81116
              0.18269999                      -121.79485
              0.18279999                      -121.82019
                  0.1829                      -121.91479
                   0.183                      -122.08399
                  0.1831                      -122.30905
                  0.1832                      -122.55559
                  0.1833                       -122.7866
              0.18340001                      -122.97309
              0.18350001                      -123.09985
              0.18359999                      -123.16735
                  0.1837                      -123.19104
                  0.1838                      -123.19846
                  0.1839                      -123.22298
                   0.184                      -123.29438
                  0.1841                      -123.42837
                  0.1842                       -123.6207
              0.18430001                      -123.84939
              0.18440001                      -124.08363
              0.18449999                      -124.29413
                  0.1846                      -124.46063
                  0.1847                      -124.57555
                  0.1848                      -124.64486
                  0.1849                      -124.68649
                   0.185                       -124.7265
                  0.1851                      -124.79236
              0.18520001                      -124.90453
              0.18529999                      -125.06926
              0.18539999                      -125.27656
                  0.1855                      -125.50452
                  0.1856                      -125.72729
                  0.1857                      -125.92293
                  0.1858                       -126.0785
                  0.1859                      -126.19233
                   0.186                      -126.27383
              0.18610001                      -126.34129
              0.18619999                      -126.41742
              0.18629999                      -126.52301
                  0.1864                      -126.67032
                  0.1865                      -126.85897
                  0.1866                      -127.07647
                  0.1867                      -127.30307
                  0.1868                      -127.51836
                  0.1869                      -127.70688
              0.18700001                      -127.86157
              0.18709999                      -127.98483
              0.18719999                      -128.08767
                  0.1873                      -128.18694
                  0.1874                       -128.3009
                  0.1875                       -128.4439
                  0.1876                      -128.62185
                  0.1877                      -128.83043
              0.18780001                      -129.05704
              0.18790001                      -129.28521
              0.18799999                      -129.49978
                  0.1881                      -129.69071
                  0.1882                      -129.85523
                  0.1883                      -129.99816
                  0.1884                      -130.13042
                  0.1885                      -130.26622
                  0.1886                      -130.41912
              0.18870001                      -130.59801
              0.18880001                      -130.80448
              0.18889999                      -131.03257
                   0.189                      -131.27106
                  0.1891                      -131.50722
                  0.1892                      -131.73044
                  0.1893                       -131.9349
                  0.1894                      -132.12066
                  0.1895                      -132.29336
              0.18960001                      -132.46267
              0.18970001                      -132.63956
              0.18979999                       -132.8333
                  0.1899                      -133.04874
                    0.19                      -133.28505
                  0.1901                      -133.53626
                  0.1902                      -133.79338
                  0.1903                      -134.04722
                  0.1904                      -134.29091
              0.19050001                      -134.52152
              0.19059999                      -134.74052
              0.19069999                      -134.95325
                  0.1908                      -135.16729
                  0.1909                      -135.39044
                   0.191                      -135.62852
                  0.1911                       -135.8838
                  0.1912                      -136.15455
                  0.1913                      -136.43579
              0.19140001                      -136.72096
              0.19149999                      -137.00388
              0.19159999                      -137.28031
                  0.1917                      -137.54894
                  0.1918                      -137.81143
                  0.1919                      -138.07185
                   0.192                      -138.33544
                  0.1921                      -138.60712
              0.19220001                       -138.8902
              0.19230001                      -139.18551
              0.19239999                      -139.49127
                  0.1925                      -139.80376
                  0.1926                      -140.11835
                  0.1927                      -140.43076
                  0.1928                      -140.73792
                  0.1929                      -141.03851
                   0.193                      -141.33296
              0.19310001                      -141.62296
              0.19320001                       -141.9107
              0.19329999                      -142.19803
                  0.1934                       -142.4857
                  0.1935                      -142.77289
                  0.1936                      -143.05716
                  0.1937                      -143.33479
                  0.1938                      -143.60133
                  0.1939                      -143.85232
              0.19400001                      -144.08379
              0.19410001                      -144.29277
              0.19419999                      -144.47738
                  0.1943                      -144.63688
                  0.1944                       -144.7714
                  0.1945                      -144.88166
                  0.1946                      -144.96861
                  0.1947                      -145.03309
                  0.1948                      -145.07562
              0.19490001                      -145.09629
              0.19499999                      -145.09487
              0.19509999                      -145.07095
                  0.1952                      -145.02428
                  0.1953                      -144.95511
                  0.1954                      -144.86445
                  0.1955                      -144.75422
                  0.1956                      -144.62732
                  0.1957                      -144.48738
              0.19580001                       -144.3384
              0.19589999                      -144.18421
              0.19599999                      -144.02792
                  0.1961                      -143.87151
                  0.1962                      -143.71553
                  0.1963                      -143.55929
                  0.1964                      -143.40126
                  0.1965                      -143.23968
              0.19660001                      -143.07329
              0.19670001                      -142.90187
              0.19679999                      -142.72658
                  0.1969                      -142.54986
                   0.197                      -142.37507
                  0.1971                       -142.2057
                  0.1972                      -142.04459
                  0.1973                      -141.89313
                  0.1974                      -141.75094
              0.19750001                      -141.61593
              0.19760001                      -141.48492
              0.19769999                      -141.35454
                  0.1978                      -141.22223
                  0.1979                      -141.08691
                   0.198                      -140.94941
                  0.1981                      -140.81227
                  0.1982                      -140.67912
                  0.1983                      -140.55365
              0.19840001                      -140.43855
              0.19850001                      -140.33461
              0.19859999                      -140.24044
                  0.1987                      -140.15278
                  0.1988                      -140.06735
                  0.1989                      -139.98011
                   0.199                       -139.8883
                  0.1991                      -139.79122
                  0.1992                      -139.69048
              0.19930001                      -139.58958
              0.19939999                      -139.49297
              0.19949999                      -139.40482
                  0.1996                      -139.32772
                  0.1997                       -139.2619
                  0.1998                      -139.20503
                  0.1999                       -139.1529
                     0.2                      -139.10063

