        Frequency / GHz                S2,1/abs,dB
----------------------------------------------------------------------
                     0.1                      -121.64895
                  0.1001                      -121.30242
                  0.1002                       -120.9558
                  0.1003                      -120.61004
                  0.1004                      -120.26592
                  0.1005                        -119.924
                  0.1006                      -119.58472
                  0.1007                      -119.24842
                  0.1008                      -118.91534
                  0.1009                      -118.58565
                   0.101                      -118.25946
                  0.1011                      -117.93686
                  0.1012                      -117.61788
                  0.1013                      -117.30254
                  0.1014                      -116.99085
                  0.1015                      -116.68279
                  0.1016                      -116.37833
                  0.1017                      -116.07744
                  0.1018                      -115.78009
                  0.1019                      -115.48624
                   0.102                      -115.19584
                  0.1021                      -114.90885
                  0.1022                      -114.62522
                  0.1023                      -114.34491
                  0.1024                      -114.06787
                  0.1025                      -113.79406
                  0.1026                      -113.52343
                  0.1027                      -113.25594
                  0.1028                      -112.99155
                  0.1029                      -112.73021
                   0.103                      -112.47188
                  0.1031                      -112.21652
                  0.1032                      -111.96409
                  0.1033                      -111.71456
                  0.1034                      -111.46787
                  0.1035                        -111.224
                  0.1036                      -110.98291
                  0.1037                      -110.74455
                  0.1038                      -110.50889
                  0.1039                       -110.2759
                   0.104                      -110.04554
                  0.1041                      -109.81777
                  0.1042                      -109.59256
                  0.1043                      -109.36987
                  0.1044                      -109.14967
                  0.1045                      -108.93192
                  0.1046                       -108.7166
                  0.1047                      -108.50366
                  0.1048                      -108.29308
                  0.1049                      -108.08482
                   0.105                      -107.87885
                  0.1051                      -107.67514
                  0.1052                      -107.47365
                  0.1053                      -107.27436
                  0.1054                      -107.07724
                  0.1055                      -106.88225
                  0.1056                      -106.68937
                  0.1057                      -106.49856
                  0.1058                      -106.30979
                  0.1059                      -106.12304
                   0.106                      -105.93829
                  0.1061                      -105.75549
                  0.1062                      -105.57462
                  0.1063                      -105.39566
                  0.1064                      -105.21858
                  0.1065                      -105.04336
                  0.1066                      -104.86995
                  0.1067                      -104.69835
                  0.1068                      -104.52852
                  0.1069                      -104.36045
                   0.107                      -104.19409
                  0.1071                      -104.02944
                  0.1072                      -103.86647
                  0.1073                      -103.70515
                  0.1074                      -103.54547
                  0.1075                      -103.38739
                  0.1076                      -103.23089
                  0.1077                      -103.07596
                  0.1078                      -102.92257
                  0.1079                      -102.77071
                   0.108                      -102.62034
                  0.1081                      -102.47146
                  0.1082                      -102.32403
                  0.1083                      -102.17804
                  0.1084                      -102.03347
                  0.1085                      -101.89031
                  0.1086                      -101.74852
                  0.1087                       -101.6081
                  0.1088                      -101.46903
                  0.1089                      -101.33128
                   0.109                      -101.19484
                  0.1091                      -101.05969
                  0.1092                      -100.92582
                  0.1093                       -100.7932
                  0.1094                      -100.66183
                  0.1095                      -100.53169
                  0.1096                      -100.40275
                  0.1097                      -100.27501
                  0.1098                      -100.14845
                  0.1099                      -100.02305
                    0.11                      -99.898804
                  0.1101                       -99.77569
                  0.1102                      -99.653697
                  0.1103                      -99.532811
                  0.1104                      -99.413017
                  0.1105                      -99.294303
                  0.1106                      -99.176653
                  0.1107                      -99.060057
                  0.1108                        -98.9445
                  0.1109                       -98.82997
                   0.111                      -98.716455
                  0.1111                      -98.603942
                  0.1112                       -98.49242
                  0.1113                      -98.381876
                  0.1114                        -98.2723
                  0.1115                      -98.163679
                  0.1116                      -98.056002
                  0.1117                      -97.949259
                  0.1118                      -97.843438
                  0.1119                      -97.738528
                   0.112                       -97.63452
                  0.1121                      -97.531403
                  0.1122                      -97.429168
                  0.1123                      -97.327802
                  0.1124                      -97.227298
                  0.1125                      -97.127645
                  0.1126                      -97.028834
                  0.1127                      -96.930857
                  0.1128                      -96.833702
                  0.1129                      -96.737362
                   0.113                      -96.641827
                  0.1131                       -96.54709
                  0.1132                       -96.45314
                  0.1133                       -96.35997
                  0.1134                      -96.267572
                  0.1135                      -96.175937
                  0.1136                      -96.085058
                  0.1137                      -95.994925
                  0.1138                      -95.905532
                  0.1139                      -95.816873
                   0.114                      -95.728936
                  0.1141                      -95.641717
                  0.1142                      -95.555206
                  0.1143                        -95.4694
                  0.1144                      -95.384288
                  0.1145                      -95.299864
                  0.1146                      -95.216122
                  0.1147                      -95.133054
                  0.1148                      -95.050655
                  0.1149                      -94.968918
                   0.115                      -94.887835
                  0.1151                      -94.807401
                  0.1152                       -94.72761
                  0.1153                      -94.648455
                  0.1154                      -94.569931
                  0.1155                      -94.492031
                  0.1156                      -94.414749
                  0.1157                      -94.338081
                  0.1158                      -94.262018
                  0.1159                      -94.186556
                   0.116                      -94.111692
                  0.1161                      -94.037418
                  0.1162                      -93.963729
                  0.1163                      -93.890618
                  0.1164                      -93.818082
                  0.1165                      -93.746117
                  0.1166                      -93.674715
                  0.1167                      -93.603872
                  0.1168                      -93.533583
                  0.1169                      -93.463845
                   0.117                      -93.394651
                  0.1171                      -93.325997
                  0.1172                      -93.257878
                  0.1173                      -93.190291
                  0.1174                      -93.123228
                  0.1175                      -93.056689
                  0.1176                      -92.990666
                  0.1177                      -92.925158
                  0.1178                      -92.860158
                  0.1179                      -92.795662
                   0.118                      -92.731667
                  0.1181                      -92.668169
                  0.1182                      -92.605163
                  0.1183                      -92.542646
                  0.1184                      -92.480613
                  0.1185                      -92.419061
                  0.1186                      -92.357985
                  0.1187                      -92.297383
                  0.1188                       -92.23725
                  0.1189                      -92.177585
                   0.119                       -92.11838
                  0.1191                      -92.059634
                  0.1192                      -92.001343
                  0.1193                      -91.943504
                  0.1194                      -91.886114
                  0.1195                      -91.829168
                  0.1196                      -91.772664
                  0.1197                      -91.716598
                  0.1198                      -91.660967
                  0.1199                      -91.605769
                    0.12                      -91.550999
                  0.1201                      -91.496656
                  0.1202                      -91.442733
                  0.1203                      -91.389231
                  0.1204                      -91.336147
                  0.1205                      -91.283475
                  0.1206                      -91.231214
                  0.1207                      -91.179361
                  0.1208                      -91.127913
                  0.1209                      -91.076868
                   0.121                      -91.026223
                  0.1211                      -90.975974
                  0.1212                      -90.926119
                  0.1213                      -90.876656
                  0.1214                      -90.827581
                  0.1215                      -90.778894
                  0.1216                      -90.730589
                  0.1217                      -90.682666
                  0.1218                      -90.635123
                  0.1219                      -90.587955
                   0.122                      -90.541162
                  0.1221                       -90.49474
                  0.1222                      -90.448688
                  0.1223                      -90.403002
                  0.1224                       -90.35768
                  0.1225                      -90.312721
                  0.1226                      -90.268122
                  0.1227                      -90.223881
                  0.1228                      -90.179996
                  0.1229                      -90.136465
                   0.123                      -90.093286
                  0.1231                      -90.050455
                  0.1232                      -90.007972
                  0.1233                      -89.965833
                  0.1234                      -89.924039
                  0.1235                      -89.882585
                  0.1236                      -89.841471
                  0.1237                      -89.800694
                  0.1238                      -89.760252
                  0.1239                      -89.720145
                   0.124                      -89.680369
                  0.1241                      -89.640922
                  0.1242                      -89.601804
                  0.1243                      -89.563012
                  0.1244                      -89.524545
                  0.1245                        -89.4864
                  0.1246                      -89.448575
                  0.1247                       -89.41107
                  0.1248                      -89.373883
                  0.1249                      -89.337012
                   0.125                      -89.300454
                  0.1251                      -89.264209
                  0.1252                      -89.228276
              0.12530001                      -89.192652
              0.12540001                      -89.157335
              0.12549999                      -89.122326
                  0.1256                      -89.087621
                  0.1257                      -89.053219
                  0.1258                      -89.019118
                  0.1259                      -88.985318
                   0.126                      -88.951817
                  0.1261                      -88.918613
              0.12620001                      -88.885705
              0.12630001                      -88.853092
              0.12639999                      -88.820772
                  0.1265                      -88.788745
                  0.1266                      -88.757007
                  0.1267                      -88.725558
                  0.1268                      -88.694397
                  0.1269                      -88.663523
                   0.127                      -88.632934
              0.12710001                      -88.602629
              0.12720001                      -88.572607
              0.12729999                      -88.542867
                  0.1274                      -88.513407
                  0.1275                      -88.484225
                  0.1276                      -88.455321
                  0.1277                      -88.426694
                  0.1278                      -88.398343
                  0.1279                      -88.370266
              0.12800001                      -88.342461
              0.12809999                      -88.314931
              0.12819999                      -88.287669
                  0.1283                      -88.260679
                  0.1284                      -88.233957
                  0.1285                      -88.207502
                  0.1286                      -88.181314
                  0.1287                      -88.155393
                  0.1288                      -88.129735
              0.12890001                      -88.104341
              0.12899999                      -88.079211
              0.12909999                      -88.054341
                  0.1292                      -88.029732
                  0.1293                      -88.005382
                  0.1294                      -87.981293
                  0.1295                      -87.957459
                  0.1296                      -87.933883
              0.12970001                      -87.910563
              0.12980001                      -87.887497
              0.12989999                      -87.864687
                    0.13                      -87.842129
                  0.1301                      -87.819822
                  0.1302                      -87.797769
                  0.1303                      -87.775965
                  0.1304                      -87.754411
                  0.1305                      -87.733105
              0.13060001                      -87.712049
              0.13070001                      -87.691239
              0.13079999                      -87.670677
                  0.1309                      -87.650358
                   0.131                      -87.630285
                  0.1311                      -87.610457
                  0.1312                      -87.590871
                  0.1313                      -87.571528
                  0.1314                      -87.552426
              0.13150001                      -87.533566
              0.13160001                      -87.514946
              0.13169999                      -87.496566
                  0.1318                      -87.478424
                  0.1319                      -87.460522
                   0.132                      -87.442855
                  0.1321                      -87.425425
                  0.1322                      -87.408231
                  0.1323                      -87.391274
              0.13240001                       -87.37455
              0.13249999                      -87.358062
              0.13259999                      -87.341807
                  0.1327                      -87.325783
                  0.1328                      -87.309992
                  0.1329                      -87.294433
                   0.133                      -87.279104
                  0.1331                      -87.264006
                  0.1332                      -87.249136
              0.13330001                      -87.234497
              0.13339999                      -87.220087
              0.13349999                      -87.205903
                  0.1336                      -87.191947
                  0.1337                      -87.178217
                  0.1338                      -87.164714
                  0.1339                      -87.151436
                   0.134                      -87.138383
              0.13410001                      -87.125554
              0.13420001                      -87.112949
              0.13429999                       -87.10057
                  0.1344                      -87.088411
                  0.1345                      -87.076475
                  0.1346                      -87.064761
                  0.1347                      -87.053268
                  0.1348                      -87.041996
                  0.1349                      -87.030944
              0.13500001                      -87.020113
              0.13510001                        -87.0095
              0.13519999                      -86.999108
                  0.1353                      -86.988932
                  0.1354                      -86.978974
                  0.1355                      -86.969234
                  0.1356                      -86.959712
                  0.1357                      -86.950405
                  0.1358                      -86.941315
              0.13590001                       -86.93244
              0.13600001                       -86.92378
              0.13609999                      -86.915337
                  0.1362                      -86.907106
                  0.1363                       -86.89909
                  0.1364                      -86.891287
                  0.1365                      -86.883696
                  0.1366                      -86.876319
                  0.1367                      -86.869155
              0.13680001                      -86.862201
              0.13689999                      -86.855461
              0.13699999                      -86.848931
                  0.1371                       -86.84261
                  0.1372                      -86.836501
                  0.1373                      -86.830602
                  0.1374                      -86.824912
                  0.1375                      -86.819432
                  0.1376                       -86.81416
              0.13770001                      -86.809097
              0.13779999                      -86.804243
              0.13789999                      -86.799596
                   0.138                      -86.795157
                  0.1381                      -86.790923
                  0.1382                      -86.786898
                  0.1383                      -86.783079
                  0.1384                      -86.779466
              0.13850001                      -86.776059
              0.13860001                      -86.772858
              0.13869999                      -86.769862
                  0.1388                      -86.767071
                  0.1389                      -86.764484
                   0.139                      -86.762101
                  0.1391                      -86.759923
                  0.1392                      -86.757947
                  0.1393                      -86.756176
              0.13940001                      -86.754608
              0.13950001                      -86.753242
              0.13959999                       -86.75208
                  0.1397                       -86.75112
                  0.1398                      -86.750362
                  0.1399                      -86.749805
                    0.14                      -86.749449
                  0.1401                      -86.749295
                  0.1402                      -86.749342
              0.14030001                       -86.74959
              0.14040001                      -86.750038
              0.14049999                      -86.750686
                  0.1406                      -86.751535
                  0.1407                      -86.752583
                  0.1408                       -86.75383
                  0.1409                      -86.755278
                   0.141                      -86.756923
                  0.1411                      -86.758768
              0.14120001                      -86.760811
              0.14129999                      -86.763054
              0.14139999                      -86.765494
                  0.1415                      -86.768131
                  0.1416                      -86.770967
                  0.1417                      -86.773999
                  0.1418                       -86.77723
                  0.1419                      -86.780657
                   0.142                      -86.784282
              0.14210001                      -86.788103
              0.14219999                      -86.792121
              0.14229999                      -86.796334
                  0.1424                      -86.800744
                  0.1425                       -86.80535
                  0.1426                      -86.810151
                  0.1427                      -86.815149
                  0.1428                      -86.820341
                  0.1429                      -86.825729
              0.14300001                      -86.831312
              0.14309999                       -86.83709
                  0.1432                      -86.843062
                  0.1433                      -86.849229
                  0.1434                       -86.85559
                  0.1435                      -86.862146
                  0.1436                      -86.868894
                  0.1437                      -86.875838
              0.14380001                      -86.882975
              0.14390001                      -86.890305
              0.14399999                       -86.89783
                  0.1441                      -86.905547
                  0.1442                      -86.913457
                  0.1443                      -86.921559
                  0.1444                      -86.929855
                  0.1445                      -86.938344
                  0.1446                      -86.947025
              0.14470001                      -86.955898
              0.14480001                      -86.964963
              0.14489999                      -86.974221
                   0.145                       -86.98367
                  0.1451                      -86.993311
                  0.1452                      -87.003144
                  0.1453                      -87.013167
                  0.1454                      -87.023383
                  0.1455                      -87.033789
              0.14560001                      -87.044385
              0.14569999                      -87.055175
              0.14579999                      -87.066154
                  0.1459                      -87.077322
                   0.146                      -87.088683
                  0.1461                      -87.100233
                  0.1462                      -87.111973
                  0.1463                      -87.123903
                  0.1464                      -87.136024
              0.14650001                      -87.148333
              0.14659999                      -87.160834
              0.14669999                      -87.173523
                  0.1468                        -87.1864
                  0.1469                      -87.199467
                   0.147                      -87.212723
                  0.1471                      -87.226168
                  0.1472                      -87.239801
                  0.1473                      -87.253623
              0.14740001                      -87.267633
              0.14749999                      -87.281832
                  0.1476                      -87.296218
                  0.1477                      -87.310792
                  0.1478                      -87.325554
                  0.1479                      -87.340503
                   0.148                      -87.355639
                  0.1481                      -87.370963
              0.14820001                      -87.386473
              0.14830001                       -87.40217
              0.14839999                      -87.418055
                  0.1485                      -87.434124
                  0.1486                      -87.450379
                  0.1487                      -87.466822
                  0.1488                      -87.483449
                  0.1489                      -87.500262
                   0.149                       -87.51726
              0.14910001                      -87.534443
              0.14920001                       -87.55181
              0.14929999                      -87.569364
                  0.1494                        -87.5871
                  0.1495                      -87.605021
                  0.1496                      -87.623125
                  0.1497                      -87.641413
                  0.1498                      -87.659884
                  0.1499                      -87.678537
              0.15000001                      -87.697374
              0.15009999                      -87.716394
              0.15019999                      -87.735595
                  0.1503                      -87.754977
                  0.1504                      -87.774541
                  0.1505                      -87.794285
                  0.1506                       -87.81421
                  0.1507                      -87.834316
                  0.1508                      -87.854602
              0.15090001                      -87.875066
              0.15099999                      -87.895712
              0.15109999                      -87.916534
                  0.1512                      -87.937536
                  0.1513                      -87.958715
                  0.1514                      -87.980071
                  0.1515                      -88.001604
                  0.1516                      -88.023314
                  0.1517                        -88.0452
              0.15180001                      -88.067261
              0.15189999                      -88.089497
                   0.152                      -88.111908
                  0.1521                      -88.134492
                  0.1522                       -88.15725
                  0.1523                       -88.18018
                  0.1524                      -88.203282
                  0.1525                      -88.226556
              0.15260001                      -88.250001
              0.15270001                      -88.273615
              0.15279999                        -88.2974
                  0.1529                      -88.321354
                   0.153                      -88.345475
                  0.1531                      -88.369763
                  0.1532                      -88.394218
                  0.1533                       -88.41884
                  0.1534                      -88.443626
              0.15350001                      -88.468575
              0.15360001                      -88.493688
              0.15369999                      -88.518964
                  0.1538                      -88.544401
                  0.1539                          -88.57
                   0.154                      -88.595757
                  0.1541                      -88.621673
                  0.1542                      -88.647745
                  0.1543                      -88.673975
              0.15440001                      -88.700361
              0.15449999                      -88.726901
              0.15459999                      -88.753595
                  0.1547                      -88.780439
                  0.1548                      -88.807435
                  0.1549                      -88.834582
                   0.155                      -88.861875
                  0.1551                      -88.889318
                  0.1552                      -88.916904
              0.15530001                      -88.944635
              0.15539999                       -88.97251
              0.15549999                      -89.000525
                  0.1556                      -89.028682
                  0.1557                      -89.056976
                  0.1558                      -89.085408
                  0.1559                      -89.113974
                   0.156                      -89.142675
                  0.1561                      -89.171508
              0.15620001                       -89.20047
              0.15629999                      -89.229564
                  0.1564                      -89.258782
                  0.1565                      -89.288124
                  0.1566                      -89.317592
                  0.1567                      -89.347179
                  0.1568                      -89.376886
                  0.1569                      -89.406709
              0.15700001                      -89.436648
              0.15710001                      -89.466698
              0.15719999                      -89.496863
                  0.1573                      -89.527133
                  0.1574                       -89.55751
                  0.1575                      -89.587991
                  0.1576                      -89.618572
                  0.1577                      -89.649252
                  0.1578                       -89.68003
              0.15790001                        -89.7109
              0.15800001                      -89.741862
              0.15809999                      -89.772914
                  0.1582                       -89.80405
                  0.1583                      -89.835269
                  0.1584                      -89.866569
                  0.1585                      -89.897944
                  0.1586                      -89.929397
                  0.1587                      -89.960918
              0.15880001                      -89.992508
              0.15889999                      -90.024164
              0.15899999                       -90.05588
                  0.1591                      -90.087656
                  0.1592                      -90.119485
                  0.1593                      -90.151367
                  0.1594                      -90.183297
                  0.1595                      -90.215272
                  0.1596                      -90.247287
              0.15970001                       -90.27934
              0.15979999                      -90.311427
              0.15989999                      -90.343542
                    0.16                      -90.375684
                  0.1601                      -90.407847
                  0.1602                      -90.440029
                  0.1603                      -90.472223
                  0.1604                      -90.504427
                  0.1605                      -90.536636
              0.16060001                      -90.568848
              0.16069999                      -90.601056
                  0.1608                      -90.633256
                  0.1609                      -90.665443
                   0.161                      -90.697614
                  0.1611                      -90.729762
                  0.1612                      -90.761886
                  0.1613                      -90.793978
              0.16140001                      -90.826034
              0.16150001                       -90.85805
              0.16159999                       -90.89002
                  0.1617                      -90.921941
                  0.1618                      -90.953805
                  0.1619                      -90.985608
                   0.162                      -91.017346
                  0.1621                      -91.049012
                  0.1622                      -91.080602
              0.16230001                       -91.11211
              0.16240001                      -91.143531
              0.16249999                      -91.174861
                  0.1626                      -91.206091
                  0.1627                      -91.237218
                  0.1628                      -91.268236
                  0.1629                      -91.299138
                   0.163                      -91.329921
                  0.1631                      -91.360577
              0.16320001                      -91.391102
              0.16329999                      -91.421489
              0.16339999                      -91.451732
                  0.1635                      -91.481827
                  0.1636                      -91.511765
                  0.1637                      -91.541544
                  0.1638                      -91.571155
                  0.1639                      -91.600594
                   0.164                      -91.629855
              0.16410001                      -91.658931
              0.16419999                      -91.687818
              0.16429999                      -91.716508
                  0.1644                      -91.744996
                  0.1645                      -91.773276
                  0.1646                      -91.801342
                  0.1647                      -91.829189
                  0.1648                      -91.856811
                  0.1649                      -91.884203
              0.16500001                      -91.911357
              0.16509999                       -91.93827
                  0.1652                      -91.964934
                  0.1653                      -91.991345
                  0.1654                      -92.017497
                  0.1655                      -92.043384
                  0.1656                      -92.069001
                  0.1657                      -92.094344
              0.16580001                      -92.119406
              0.16590001                      -92.144181
              0.16599999                      -92.168669
                  0.1661                      -92.192858
                  0.1662                      -92.216748
                  0.1663                      -92.240332
                  0.1664                      -92.263606
                  0.1665                      -92.286566
                  0.1666                      -92.309206
              0.16670001                      -92.331524
              0.16680001                      -92.353514
              0.16689999                      -92.375174
                   0.167                      -92.396498
                  0.1671                      -92.417481
                  0.1672                      -92.438123
                  0.1673                      -92.458418
                  0.1674                      -92.478364
                  0.1675                      -92.497958
              0.16760001                      -92.517195
              0.16769999                      -92.536076
              0.16779999                      -92.554594
                  0.1679                      -92.572748
                   0.168                      -92.590538
                  0.1681                      -92.607959
                  0.1682                      -92.625012
                  0.1683                      -92.641692
                  0.1684                      -92.658001
              0.16850001                      -92.673933
              0.16859999                      -92.689494
              0.16869999                      -92.704675
                  0.1688                      -92.719482
                  0.1689                      -92.733911
                   0.169                      -92.747962
                  0.1691                      -92.761634
                  0.1692                      -92.774931
                  0.1693                      -92.787851
              0.16940001                      -92.800393
              0.16949999                      -92.812561
                  0.1696                      -92.824354
                  0.1697                      -92.835774
                  0.1698                      -92.846821
                  0.1699                      -92.857498
                    0.17                      -92.867806
                  0.1701                       -92.87775
              0.17020001                      -92.887327
              0.17030001                      -92.896544
              0.17039999                      -92.905403
                  0.1705                      -92.913904
                  0.1706                      -92.922053
                  0.1707                      -92.929851
                  0.1708                      -92.937304
                  0.1709                      -92.944415
                   0.171                      -92.951186
              0.17110001                      -92.957623
              0.17120001                      -92.963729
              0.17129999                       -92.96951
                  0.1714                      -92.974968
                  0.1715                      -92.980111
                  0.1716                      -92.984941
                  0.1717                      -92.989464
                  0.1718                      -92.993685
                  0.1719                      -92.997611
              0.17200001                      -93.001245
              0.17209999                      -93.004595
              0.17219999                      -93.007665
                  0.1723                      -93.010461
                  0.1724                       -93.01299
                  0.1725                      -93.015258
                  0.1726                      -93.017271
                  0.1727                      -93.019035
                  0.1728                      -93.020557
              0.17290001                      -93.021844
              0.17299999                      -93.022901
              0.17309999                      -93.023737
                  0.1732                      -93.024358
                  0.1733                      -93.024769
                  0.1734                       -93.02498
                  0.1735                      -93.024996
                  0.1736                      -93.024825
                  0.1737                      -93.024474
              0.17380001                      -93.023951
              0.17389999                      -93.023263
              0.17399999                      -93.022416
                  0.1741                      -93.021419
                  0.1742                      -93.020279
                  0.1743                      -93.019003
                  0.1744                      -93.017598
                  0.1745                      -93.016073
              0.17460001                      -93.014434
              0.17470001                      -93.012691
              0.17479999                      -93.010849
                  0.1749                      -93.008916
                   0.175                        -93.0069
                  0.1751                      -93.004809
                  0.1752                       -93.00265
                  0.1753                       -93.00043
                  0.1754                      -92.998157
              0.17550001                       -92.99584
              0.17560001                      -92.993483
              0.17569999                      -92.991098
                  0.1758                      -92.988689
                  0.1759                      -92.986265
                   0.176                      -92.983833
                  0.1761                        -92.9814
                  0.1762                      -92.978973
                  0.1763                       -92.97656
              0.17640001                      -92.974169
              0.17649999                      -92.971806
              0.17659999                       -92.96948
                  0.1767                      -92.967195
                  0.1768                       -92.96496
                  0.1769                      -92.962784
                   0.177                      -92.960671
                  0.1771                      -92.958627
                  0.1772                      -92.956663
              0.17730001                      -92.954784
              0.17739999                      -92.952996
              0.17749999                      -92.951306
                  0.1776                      -92.949723
                  0.1777                      -92.948249
                  0.1778                      -92.946895
                  0.1779                      -92.945665
                   0.178                      -92.944568
                  0.1781                      -92.943609
              0.17820001                      -92.942793
              0.17829999                      -92.942128
              0.17839999                      -92.941621
                  0.1785                      -92.941276
                  0.1786                      -92.941101
                  0.1787                      -92.941101
                  0.1788                      -92.941284
                  0.1789                      -92.941652
              0.17900001                      -92.942216
              0.17910001                      -92.942978
              0.17919999                      -92.943947
                  0.1793                      -92.945125
                  0.1794                      -92.946522
                  0.1795                       -92.94814
                  0.1796                      -92.949987
                  0.1797                      -92.952067
                  0.1798                      -92.954387
              0.17990001                      -92.956952
              0.18000001                      -92.959766
              0.18009999                      -92.962838
                  0.1802                      -92.966169
                  0.1803                      -92.969766
                  0.1804                      -92.973636
                  0.1805                      -92.977782
                  0.1806                       -92.98221
                  0.1807                      -92.986924
              0.18080001                       -92.99193
              0.18089999                      -92.997234
              0.18099999                      -93.002838
                  0.1811                       -93.00875
                  0.1812                      -93.014974
                  0.1813                      -93.021513
                  0.1814                      -93.028374
                  0.1815                       -93.03556
                  0.1816                      -93.043077
              0.18170001                      -93.050929
              0.18179999                      -93.059122
              0.18189999                      -93.067659
                   0.182                      -93.076544
                  0.1821                      -93.085782
                  0.1822                      -93.095378
                  0.1823                      -93.105336
                  0.1824                       -93.11566
                  0.1825                      -93.126355
              0.18260001                      -93.137425
              0.18269999                      -93.148874
              0.18279999                      -93.160706
                  0.1829                      -93.172926
                   0.183                      -93.185537
                  0.1831                      -93.198542
                  0.1832                      -93.211948
                  0.1833                      -93.225757
              0.18340001                      -93.239973
              0.18350001                        -93.2546
              0.18359999                      -93.269642
                  0.1837                      -93.285102
                  0.1838                      -93.300985
                  0.1839                      -93.317293
                   0.184                      -93.334031
                  0.1841                      -93.351201
                  0.1842                      -93.368808
              0.18430001                      -93.386854
              0.18440001                      -93.405343
              0.18449999                      -93.424281
                  0.1846                      -93.443666
                  0.1847                      -93.463504
                  0.1848                      -93.483797
                  0.1849                       -93.50455
                   0.185                      -93.525763
                  0.1851                      -93.547443
              0.18520001                      -93.569588
              0.18529999                      -93.592204
              0.18539999                      -93.615292
                  0.1855                      -93.638855
                  0.1856                      -93.662893
                  0.1857                      -93.687412
                  0.1858                      -93.712413
                  0.1859                      -93.737895
                   0.186                      -93.763865
              0.18610001                       -93.79032
              0.18619999                      -93.817265
              0.18629999                      -93.844699
                  0.1864                      -93.872625
                  0.1865                      -93.901043
                  0.1866                      -93.929954
                  0.1867                      -93.959359
                  0.1868                      -93.989259
                  0.1869                      -94.019654
              0.18700001                      -94.050542
              0.18709999                      -94.081928
              0.18719999                      -94.113807
                  0.1873                      -94.146181
                  0.1874                      -94.179046
                  0.1875                      -94.212404
                  0.1876                      -94.246253
                  0.1877                      -94.280591
              0.18780001                      -94.315414
              0.18790001                      -94.350723
              0.18799999                      -94.386514
                  0.1881                      -94.422782
                  0.1882                      -94.459525
                  0.1883                      -94.496738
                  0.1884                      -94.534418
                  0.1885                      -94.572558
                  0.1886                      -94.611155
              0.18870001                      -94.650202
              0.18880001                      -94.689691
              0.18889999                      -94.729619
                   0.189                      -94.769974
                  0.1891                      -94.810748
                  0.1892                      -94.851935
                  0.1893                      -94.893524
                  0.1894                      -94.935503
                  0.1895                      -94.977863
              0.18960001                      -95.020591
              0.18970001                      -95.063674
              0.18979999                      -95.107099
                  0.1899                      -95.150851
                    0.19                      -95.194915
                  0.1901                      -95.239273
                  0.1902                      -95.283909
                  0.1903                      -95.328804
                  0.1904                      -95.373938
              0.19050001                       -95.41929
              0.19059999                      -95.464838
              0.19069999                      -95.510559
                  0.1908                      -95.556427
                  0.1909                      -95.602417
                   0.191                      -95.648502
                  0.1911                      -95.694652
                  0.1912                      -95.740838
                  0.1913                      -95.787027
              0.19140001                      -95.833186
              0.19149999                      -95.879281
              0.19159999                      -95.925272
                  0.1917                      -95.971125
                  0.1918                      -96.016797
                  0.1919                      -96.062247
                   0.192                      -96.107433
                  0.1921                      -96.152309
              0.19220001                      -96.196826
              0.19230001                      -96.240939
              0.19239999                      -96.284595
                  0.1925                      -96.327742
                  0.1926                      -96.370326
                  0.1927                      -96.412292
                  0.1928                      -96.453582
                  0.1929                      -96.494138
                   0.193                      -96.533899
              0.19310001                      -96.572803
              0.19320001                      -96.610788
              0.19329999                      -96.647788
                  0.1934                      -96.683737
                  0.1935                      -96.718569
                  0.1936                      -96.752215
                  0.1937                       -96.78461
                  0.1938                      -96.815681
                  0.1939                      -96.845363
              0.19400001                      -96.873583
              0.19410001                      -96.900274
              0.19419999                      -96.925368
                  0.1943                      -96.948793
                  0.1944                      -96.970484
                  0.1945                      -96.990374
                  0.1946                      -97.008399
                  0.1947                      -97.024496
                  0.1948                      -97.038601
              0.19490001                      -97.050659
              0.19499999                      -97.060609
              0.19509999                      -97.068401
                  0.1952                      -97.073982
                  0.1953                      -97.077304
                  0.1954                      -97.078326
                  0.1955                      -97.077008
                  0.1956                      -97.073314
                  0.1957                      -97.067213
              0.19580001                      -97.058678
              0.19589999                      -97.047688
              0.19599999                      -97.034225
                  0.1961                      -97.018278
                  0.1962                      -96.999838
                  0.1963                      -96.978904
                  0.1964                      -96.955481
                  0.1965                      -96.929575
              0.19660001                        -96.9012
              0.19670001                      -96.870374
              0.19679999                      -96.837121
                  0.1969                      -96.801468
                   0.197                      -96.763447
                  0.1971                      -96.723094
                  0.1972                      -96.680453
                  0.1973                      -96.635566
                  0.1974                      -96.588483
              0.19750001                      -96.539255
              0.19760001                      -96.487937
              0.19769999                      -96.434589
                  0.1978                      -96.379269
                  0.1979                      -96.322041
                   0.198                      -96.262969
                  0.1981                       -96.20212
                  0.1982                      -96.139562
                  0.1983                      -96.075364
              0.19840001                      -96.009596
              0.19850001                      -95.942328
              0.19859999                      -95.873633
                  0.1987                      -95.803578
                  0.1988                      -95.732238
                  0.1989                       -95.65968
                   0.199                      -95.585977
                  0.1991                      -95.511197
                  0.1992                      -95.435409
              0.19930001                      -95.358679
              0.19939999                      -95.281077
              0.19949999                      -95.202664
                  0.1996                      -95.123506
                  0.1997                      -95.043665
                  0.1998                      -94.963201
                  0.1999                      -94.882175
                     0.2                      -94.800643

